01010100
00000000
00000000
00000100
00000000
00000001
00001000
00000001
00000000
00100010
00010000
00000010
00000000
01000011
00011000
00000011
00000000
01100100
00100000
00000100
00000000
10000101
00101000
00000101
00011000
00000000
00000000
00000111
00011100
00000001
00000000
00000101
00100000
00100010
00000000
00000011
00100100
01000011
00000000
00001000
00110100
01100100
00000000
00000101
00000000
00000000
00000000
00001000
00000000
00000000
00000000
00000010
00000000
00000000
00000000
01000000
00000000
00000000
00000000
00010000
00000000
00000000
00000000
00000100
00000000
00000000
00000000
00000100
00000000
00000000
00000000
00000001
00000000
00000000
00000000
00100000
00000000
00000000
00000000
00001000
00000000
00000000
00000000
00000010
00000000
00000000
00000000
01000000
00000000
00000000
00000000
00010000
00000000
00000000
00000000
00000100
00000000
00000000
00000000
00000100
00000000
00000000
00000000
00000001
00000000
00000000
00000000
00100000
00000000
00000000
00000000
00001000
00000000
00000000
00000000
00000010
00000000
00000000
00000000
01000000
00000000
00000000
00000000
00010000
00000000
00000000
00000000
00000100
00000000
00000000
00000000
00000100
00000000
00000000
00000000
00000001
00000000
00000000
00000000
00100000
00000000
00000000
00000000
00001000
00000000
00000000
00000000
00000010
00000000
00000000
00000000
01000000
00000000
00000000
00000000
00010000
00000000
00000000
00000000
00000100
00000000
00000000
00000000
00000100
00000000
00000000
00000000
00000001
00000000
00000000
00000000
00100000
00000000
00000000
00000000
00001000
00000000
00000000
00000000
00000010
00000000
00000000
00000000
01000000
00000000
00000000
00000000
00010000
00000000
00000000
00000000
00000100
00000000
00000000
00000000
00000100
00000000
00000000
00000000
00000001
00000000
00000000
00000000
00100000
00000000
00000000
00000000
00001000
00000000
00000000
00000000
00000010
00000000
00000000
00000000
01000000
00000000
00000000
00000000
00010000
00000000
00000000
00000000
00000100
00000000
00000000
00000000
00000100
00000000
00000000
00000000
00000001
00000000
00000000
00000000
00100000
00000000
00000000
00000000
00001000
00000000
00000000
00000000
00000010
00000000
00000000
00000000
01000000
00000000
00000000
00000000
00010000
00010000
00010000
00010000
00010000